10
5
10 60
20 50
30 40
40 30
50 20
100

3
15 45
25 55
35 65
50

30
10 60
20 50
30 40
40 30
50 20
60 10
70 60
80 50
90 40
100 30
110 20
120 10
130 60
140 50
150 40
160 30
170 20
180 10
190 60
200 50
210 40
220 30
230 20
240 10
250 60
260 50
270 40
280 30
290 20
300 10
350


6
18 72
29 83
37 91
41 104
52 115
63 126
150

7
12 86
24 98
31 103
43 117
56 129
62 138
74 149
200

8
13 95
26 107
32 112
45 123
51 134
64 146
76 155
87 167
250

10
14 116
27 127
39 139
48 148
59 159
65 171
73 182
82 193
94 207
105 218
300

2
34 58
46 69
75

9
21 118
38 130
42 141
53 152
61 164
75 173
81 185
93 196
106 210
275

11
16 131
28 142
35 153
47 165
54 176
66 187
78 198
89 209
97 220
108 232
119 243
350
